Feasible solution found after 4 iterations:
x[0] = 0.5674313676
x[1] = 0.5674313676
